-47
-63
-47
-46
-47
-47
-62
-46
-62
-46
-78
-78
-78
-47
-31
-31
-93
-47
-32
-31
-31
-31
-46
-78
-46
-47
-32
-47
-31
-32
-47
-31
-32
-31
-47
-62
-47
-78
-47
-46
-31
-47
-47
-31
-32
-31
-47
-32
-31
-47
-32
-31
-31
-31
-31
-32
-31
-31
-31
-31
-32
-16
-31
-15
-31
-15
-31
-31
-31
-16
-16
-32
-16
-16
-15
-16
-15
-32
-16
-31
-15
-31
-16
-15
-15
-16
-31
-16
-16
-16
-15
-31
-31
-32
-31
-31
-16
-31
-16
-15
-31
-47
-16
-16
-16
-32
-31
-16
-16
-16
-31
-16
-15
-31
-15
-15
-16
-31
-31
-31
-15
-15
-15
-15
-31
-31
-15
-15
-16
-16
-16
-15
-32
-16
-32
-16
-32
-31
-16
-16
-16
-31
-16
-31
-16
-31
-31
-47
-31
-31
-31
-46
-31
-15
-31
-47
-31
-47
-32
-31
-31
-31
-31
-32
-31
-31
-31
-31
-47
-31
-31
-32
-63
-31
-31
-31
-46
-31
-31
-31
-32
-47
-63
-47
-31
-63
-47
-31
-31
-32
-47
-78
-47
-31
-47
-47
-62
-62
-78
-78
-93
-78
-141
-63
