-63
-31
-47
-32
-31
-31
-47
-31
-31
-31
-31
-47
-31
-62
-31
-32
-47
-46
-31
-47
-16
-32
-31
-47
-32
-31
-31
-31
-31
-32
-31
-31
-15
-31
-32
-31
-31
-47
-47
-31
-31
-31
-31
-31
-32
-31
-47
-47
-32
-31
-31
-31
-31
-32
-31
-31
-31
-31
-32
-31
-31
-31
-31
-32
-31
-31
-31
-31
-32
-47
-31
-31
-31
-46
-31
-32
-16
-31
-31
-46
-31
-31
-31
-62
-47
-47
-31
-46
-31
-16
-47
-78
-47
-31
-31
-31
-46
-31
-62
-47
-47
-31
-47
-47
-31
-31
-31
-31
-32
-47
-31
-31
-31
-31
-47
-62
-47
-47
-31
-47
-31
-15
-31
-15
-47
-31
-31
-31
-31
-31
-31
-46
-62
-62
-31
-31
-15
-32
-31
-31
-62
-47
-63
-47
-31
-31
-31
-31
-47
-47
-47
-31
-94
-46
-47
-47
-62
-31
-78
-31
-31
-46
-31
-31
-46
-47
-32
-31
-93
-31
-46
-78
-47
-32
-63
-63
-94
-47
-31
-31
-15
-47
-63
-47
-32
-31
-47
-31
-32
-31
-31
-31
-47
-31
-32
-31
-46
-31
-47
-47
-62
-31
-16
-62
