-62
-47
-47
-47
-47
-46
-47
-47
-47
-47
-46
-47
-47
-47
-47
-46
-47
-47
-47
-47
-47
-46
-47
-47
-62
-62
-62
-62
-62
-62
-62
-62
-62
-62
-62
-62
-62
-62
-62
-62
-62
-62
-62
-62
-62
-62
-62
-62
-78
-78
-78
-78
-78
-78
-78
-78
-78
-78
-78
-78
-78
-78
-78
-78
-93
-94
-94
-94
-93
-93
-94
-94
-94
-93
-93
-94
-94
-94
-94
-94
-109
-109
-110
-109
-109
-109
-109
-110
-109
-109
-109
-109
-110
-109
-109
-109
-124
-125
-125
-125
-125
-124
-125
-125
-125
-125
-124
-125
-125
-125
-125
-124
-125
-125
-125
-125
-124
-125
-125
-125
-125
-124
-125
-110
-109
-109
-109
-109
-109
-109
-109
-110
-109
-109
-110
-109
-109
-109
-109
-110
-109
-109
-109
-109
-110
-109
-109
-109
-109
-110
-109
-94
-93
-94
-94
-94
-93
-93
-94
-94
-94
-93
-93
-94
-94
-94
-93
-93
-78
-78
-78
-78
-78
-78
-78
-78
-78
-78
-78
-78
-78
-78
-78
-78
-78
-78
-78
-78
-78
-78
-78
-78
-78
-78
-78
-78
-78
-78
-78
-78
-78
-78
-78
-78
-78
-78
-78
-78
-78
-78
-78
-78
-78
-78
-78
-78
-78
-78
-78
-78
-78
-78
-78
-78
-78
-78
-78
-78
-93
-93
-94
-94
-94
-93
-93
-94
-94
-94
-93
-93
-109
-110
-109
-109
-109
-109
-110
-109
-109
-109
-109
-110
-109
-109
-109
-125
-124
-125
-125
-125
-125
-124
-125
-125
-125
-125
-124
-125
-125
-125
-125
-125
-125
-125
-141
-125
-140
-140
-140
-124
-124
-124
-124
-124
-124
-124
-124
-124
-124
-124
-124
-124
-125
-125
-125
-140
-140
-140
-140
-140
-140
-140
-140
-140
-140
-140
-140
-140
-140
-140
-140
-140
-140
-140
-140
-140
-140
-140
-140
-140
-140
-140
-140
-156
-156
-156
-156
-156
-156
-156
-156
-156
-156
-156
-156
-156
-156
-172
-172
-172
-171
-171
-172
-172
-188
-172
-172
-172
-172
-172
-172
-172
-172
-171
-171
-171
-172
-172
-172
-171
-171
-172
-172
-172
-171
-171
-172
-172
-172
-171
-171
-172
-172
-172
-171
-171
-172
-172
-172
-171
-171
-172
-172
-172
-171
-171
-172
-172
-172
-171
-171
-172
-172
-172
-171
-171
-172
-171
-171
-187
-171
-171
-171
-172
-172
-187
-171
-172
-172
-172
-171
-171
-172
-172
-172
-171
-171
-172
-172
-172
-171
-171
-172
-172
-172
-171
-171
-172
-172
-172
-171
-171
-172
-172
-172
-171
-171
-172
-172
-172
-156
-156
-156
-156
-156
-156
-156
-156
-156
-156
-156
-156
-156
-156
-156
-156
-156
-156
-156
-156
-141
-140
-140
-140
-140
-140
-140
-140
-140
-140
-125
-125
-125
-125
-125
-124
-125
-125
-125
-125
-124
-125
-125
-125
-109
-109
-109
-109
-110
-109
-109
-109
-109
-110
-109
-109
-93
-94
-94
-94
-93
-93
-94
-94
-94
-93
-93
-94
-94
-94
-93
-93
-94
-94
-94
-93
-93
-94
-94
-94
-93
-93
-94
-94
-94
-93
-93
-94
-94
-94
-93
-78
-78
-94
-94
-93
-93
-94
-94
-94
-93
-93
-94
-94
-94
-93
-93
-94
-94
-94
-93
-93
-94
-94
-94
-93
-93
-94
-93
-109
-110
-109
-109
-109
-109
-110
-109
-109
-109
-109
-110
-109
-109
-109
-109
-110
-109
-109
-125
-125
-125
-124
-125
-125
-125
-125
-124
-125
-125
-125
-125
-124
-125
-125
-125
-125
-124
-140
-140
-140
-140
-140
-140
-140
-140
-140
-141
-141
-156
-156
-156
-156
-156
-156
-156
-156
-156
-156
-156
-156
-141
-140
-141
-140
-140
-140
-140
-140
-140
-140
-140
-140
-140
-125
-125
-125
-125
-124
-125
-125
-125
-125
-109
-109
-109
-109
-110
-109
-109
-109
-109
-110
-94
-94
-93
-93
-94
-94
-94
-93
-78
-78
-78
-78
-78
-78
-78
-78
-78
-63
-63
-63
-63
-63
-63
-63
-63
-47
-46
-47
-47
-47
-47
-46
-47
-47
-31
-31
-31
-32
-31
-31
-31
-31
-32
-31
-31
-31
-31
-32
-31
-16
-31
-31
-16
-16
-16
-15
-15
-16
-16
-16
-15
-15
-16
-16
-16
-15
-15
-16
-16
-16
-15
-15
-16
-16
-16
-15
-15
-16
-16
-16
-15
-15
-16
-16
-16
-15
-15
-15
-16
-16
-16
-31
-31
-32
-31
-31
-31
-31
-32
-31
-31
-31
-31
-32
-31
-31
-31
-31
-32
-31
-31
-47
-47
-47
-46
-47
-47
-47
-47
-46
-47
-47
-62
-47
-47
-62
-62
-62
-62
-62
-62
-62
-62
-62
-62
-62
-62
-62
-62
-62
-78
-78
-78
-78
-78
-78
-78
-78
-78
-78
-78
-78
-93
-93
-93
-94
-94
-110
-94
-110
-94
-94
-109
-109
-109
-109
-110
-109
-109
-109
-124
-125
-125
-125
-125
-124
-125
-125
-140
-140
-140
-140
-140
-140
-156
-156
-156
-156
-156
-156
-156
-156
-156
-156
-172
-172
-172
-171
-171
-172
-187
-187
-187
-171
-171
-172
-172
-172
-171
-172
-172
-172
-172
-172
-171
-171
-172
-172
-172
-172
-172
-171
-171
-172
-172
-172
-171
-171
-172
-172
-172
-171
-156
-156
-156
-156
-156
-156
-156
-141
-140
-140
-140
-140
-125
-12