-62
-46
-47
-47
-47
-47
-46
-47
-47
-47
-47
-46
-47
-47
-47
-47
-46
-47
-47
-47
-47
-46
-47
-47
-47
-47
-46
-47
-47
-47
-47
-46
-47
-47
-47
-47
-46
-47
-47
-47
-31
-47
-47
-31
-31
-31
-47
-31
-31
-32
-31
-31
-31
-31
-31
-32
-31
-31
-31
-31
-32
-31
-31
-31
-31
-16
-31
-31
-31
-31
-32
-31
-31
-31
-31
-32
-31
-31
-15
-31
-31
-31
-16
-16
-16
-31
-15
-16
-31
-16
-31
-16
-16
-31
-15
-31
-16
-31
-31
-31
-31
-16
-31
-31
-31
-31
-16
-31
-31
-31
-31
-32
-31
-31
-31
-31
-32
-31
-31
-31
-31
-32
-31
-31
-31
-31
-32
-31
-31
-31
-31
-32
-31
-31
-31
-31
-32
-31
-31
-15
-31
-32
-31
-31
-15
-31
-32
-31
-31
-15
-31
-32
-16
-32
-31
-31
-31
-15
-31
-31
-32
-31
-31
-31
-31
-32
-31
-31
-31
-15
-31
-31
-16
-16
-31
-15
-31
-15
-31
-15
-31
-32
-31
-16
-15
-31
-32
-16
-32
-16
-31
-31
-31
-16
-16
-31
-31
-15
-32
-16
-31
-31
-31
-32
