-63
-94
-47
-47
-47
-62
-109
-47
-47
-47
-62
-78
-47
-47
-62
-46
-47
-47
-31
-31
-32
-31
-31
-62
-47
-31
-31
-31
-31
-63
-63
-47
-47
-31
-31
-31
-31
-32
-31
-16
-31
-31
-31
-31
-32
-31
-15
-15
-15
-15
-16
-16
-16
-15
-15
-16
-16
-16
-16
-16
-16
-16
-15
-15
-16
-31
-16
-16
-32
-16
-16
-31
-16
-16
-16
-31
-15
-31
-15
-16
-31
-16
-16
-16
-15
-15
-15
-31
-31
-15
-31
-31
-32
-31
-31
-31
-31
-32
-47
-46
-47
-32
-31
-31
-31
-46
-47
-32
-31
-31
-32
-31
-31
-31
-31
-32
-31
-62
-31
-31
-31
-31
-31
-31
-32
-31
-31
-15
-16
-31
-15
-15
-31
-31
-15
-32
-31
-16
-16
-16
-15
-15
-16
-16
-16
-15
-16
-15
-31
-15
-15
-15
-15
-15
-31
-31
-15
-31
-31
-32
-31
-16
-16
-31
-31
-15
-31
-31
-32
-16
-31
-15
-31
-31
-46
-31
-31
-31
-32
-31
-31
-31
-31
-32
-31
-46
-47
-32
-31
-31
-47
-63
-47
-46
-47
-47
-62
-31
-31
-31
-94
-46
-94
-94
