-78
-78
-78
-62
-62
-62
-62
-62
-62
-78
-78
-63
-78
-78
-78
-63
-78
-62
-78
-78
-78
-78
-78
-78
-78
-93
-93
-94
-94
-94
-93
-94
-94
-94
-93
-93
-94
-94
-94
-93
-93
-94
-94
-110
-109
-109
-109
-109
-110
-109
-109
-109
-109
-110
-109
-109
-125
-109
-109
-109
-109
-125
-109
-109
-109
-109
-94
-109
-109
-109
-110
-109
-109
-109
-109
-110
-125
-109
-125
-109
-109
-125
-125
-125
-125
-124
-125
-125
-125
-125
-124
-125
-125
-125
-125
-124
-140
-124
-125
-141
-125
-125
-141
-141
-141
-141
-141
-141
-141
-141
-141
-156
-140
-140
-156
-141
-156
-156
-156
-156
-156
-156
-156
-156
-156
-156
-156
-156
-156
-171
-156
-156
-156
-156
-156
-172
-171
-156
-156
-156
-156
-156
-156
-156
-156
-156
-187
-156
-156
-156
-156
-156
-156
-203
-156
-156
-156
-156
-156
-219
-156
-156
-141
-156
-140
-140
-187
-140
-140
-156
-141
-156
-140
-172
-141
-141
-141
-141
-141
-141
-141
-141
-141
-141
-141
-141
-141
-141
-141
-141
-141
-141
-141
-141
-141
-141
-141
-141
-156
-141
-141
-156
-156
-140
