-78
-63
-63
-63
-63
-63
-63
-63
-63
-63
-62
-78
-78
-78
-78
-63
-78
-62
-62
-63
-63
-63
-63
-63
-78
-62
-78
-78
-78
-78
-63
-63
-62
-62
-62
-78
-78
-78
-78
-78
-93
-78
-78
-78
-78
-78
-78
-78
-94
-78
-94
-94
-94
-93
-93
-94
-94
-94
-93
-93
-94
-94
-110
-94
-94
-109
-110
-109
-94
-93
-93
-93
-109
-110
-94
-109
-109
-109
-110
-125
-109
-125
-125
-125
-124
-140
-140
-140
-140
-140
-140
-140
-140
-140
-140
-156
-140
-140
-156
-171
-156
-171
-156
-171
-171
-172
-203
-187
-188
-187
-187
-203
-203
-202
-203
-203
-203
-203
-202
-203
-188
-218
-187
-202
-203
-203
-203
-203
-202
-203
-203
-203
-203
-187
-187
-219
-203
-203
-187
-203
-188
-187
-187
-234
-187
-203
-203
-187
-188
-187
-187
-203
-187
-187
-187
-171
-171
-171
-187
-171
-171
-172
-172
-172
-156
-156
-171
-140
-156
-156
-156
-140
-156
-156
-156
-140
-140
-140
-140
-125
-140
-140
-125
-125
-124
-125
-125
-125
-109
-124
-125
-125
-109
-109
-110
-109
-109
-109
-109
-110
-109
-109
-93
-109
